180 20 8 21 46 47 2 22 8 23 0 24 2 20 8 21 181
180 3 48 13 25 26 49 50 25 14 6 1 27 181
180 3 51 28 52 1 53 1 26 0 54 55 56 57 181
180 58 0 2 59 9 28 60 61 0 29 62 15 30 31 63 4 1 32 64 1 27 181
180 65 66 3 67 68 69 4 10 70 181
180 71 72 0 4 73 9 16 74 1 75 76 181
180 16 1 33 11 2 77 181
180 4 1 78 79 2 80 181
180 10 5 34 7 81 35 0 82 10 5 36 4 6 1 83 0 10 5 84 85 86 87 88 0 89 37 90 0 0 91 92 93 0 17 2 94 0 17 2 95 0 17 96 97 0 5 98 99 100 15 101 102 103 104 181
180 105 16 35 106 1 107 11 7 4 181
180 33 1 108 18 11 109 7 4 6 181
180 110 111 12 112 113 18 11 114 7 4 6 0 7 4 1 32 115 181
180 4 6 116 1 117 12 118 119 120 0 121 122 123 124 181
180 125 126 11 127 38 128 39 0 129 130 131 132 1 133 0 15 134 37 3 30 38 3 135 136 181
180 29 24 137 138 5 1 2 0 10 5 34 7 139 140 0 5 141 1 2 142 143 40 1 41 181
180 3 144 13 145 146 1 147 0 148 149 150 40 1 41 181
180 3 13 1 2 14 151 152 153 12 42 0 42 2 22 8 23 12 154 155 156 1 181
180 157 8 158 159 39 0 160 1 161 0 31 43 19 1 162 0 163 43 44 19 1 45 181
180 12 3 164 1 165 166 3 44 9 19 1 45 0 3 167 36 9 168 169 170 1 0 171 14 6 1 172 0 173 3 18 174 9 175 176 181
180 177 178 179 181
