171 55 1 33 34 16 56 57 58 172
171 24 9 4 35 13 59 6 36 60 37 0 14 61 5 38 172
171 25 10 62 36 2 0 39 63 38 2 40 7 1 64 65 66 3 9 4 17 35 13 67 6 68 2 8 172
171 18 69 2 0 70 1 7 0 40 19 71 72 8 1 73 74 75 2 76 77 78 19 8 1 17 0 39 79 80 37 0 14 172
171 24 0 41 16 15 1 7 9 81 0 20 42 82 172
171 83 6 15 26 8 0 27 4 84 85 2 0 21 172
171 28 2 0 21 1 20 86 172
171 18 87 88 1 26 89 90 172
171 91 2 0 41 16 15 1 9 92 11 0 43 93 9 94 95 44 29 2 0 20 3 6 96 97 11 29 98 99 100 101 3 8 1 102 3 8 1 103 3 12 1 104 3 12 1 105 3 12 1 106 45 6 10 107 108 42 46 109 5 12 172
171 24 5 0 27 12 4 0 110 111 112 30 0 21 172
171 28 2 0 113 4 5 0 27 172
171 28 2 0 114 3 115 4 5 0 14 11 0 47 2 0 14 172
171 18 116 3 0 117 5 0 20 1 118 5 119 120 8 1 5 0 121 172
171 122 1 123 124 3 125 12 4 126 127 44 29 7 128 22 3 129 22 130 131 31 8 172
171 132 133 6 4 48 11 0 43 16 134 6 13 15 7 6 4 48 11 0 135 2 32 49 50 51 172
171 25 10 13 10 32 49 136 137 13 138 139 7 50 51 172
171 25 52 0 140 141 3 9 52 53 3 0 53 4 142 7 33 34 143 144 31 0 145 2 146 172
171 147 148 149 18 150 151 2 152 1 17 153 154 5 155 23 54 156 5 157 23 158 172
171 159 7 10 160 31 22 10 161 22 23 162 17 163 30 46 164 19 0 23 54 11 0 47 2 0 14 19 45 165 166 9 15 26 167 30 0 21 168 172
171 169 1 32 170 172
